(kicad_pcb (version 20171130) (host pcbnew "(5.0.0)")

  (general
    (thickness 1.6)
    (drawings 4)
    (tracks 47)
    (zones 0)
    (modules 53)
    (nets 87)
  )

  (page A4)
  (layers
    (0 F.Cu signal)
    (31 B.Cu signal)
    (32 B.Adhes user)
    (33 F.Adhes user)
    (34 B.Paste user)
    (35 F.Paste user)
    (36 B.SilkS user)
    (37 F.SilkS user)
    (38 B.Mask user)
    (39 F.Mask user)
    (40 Dwgs.User user)
    (41 Cmts.User user)
    (42 Eco1.User user)
    (43 Eco2.User user)
    (44 Edge.Cuts user)
    (45 Margin user)
    (46 B.CrtYd user)
    (47 F.CrtYd user)
    (48 B.Fab user)
    (49 F.Fab user hide)
  )

  (setup
    (last_trace_width 0.25)
    (trace_clearance 0.2)
    (zone_clearance 0.25)
    (zone_45_only no)
    (trace_min 0.2)
    (segment_width 0.2)
    (edge_width 0.1)
    (via_size 0.8)
    (via_drill 0.4)
    (via_min_size 0.4)
    (via_min_drill 0.3)
    (uvia_size 0.3)
    (uvia_drill 0.1)
    (uvias_allowed no)
    (uvia_min_size 0.2)
    (uvia_min_drill 0.1)
    (pcb_text_width 0.3)
    (pcb_text_size 1.5 1.5)
    (mod_edge_width 0.15)
    (mod_text_size 1 1)
    (mod_text_width 0.15)
    (pad_size 1.5 1.5)
    (pad_drill 0.6)
    (pad_to_mask_clearance 0)
    (aux_axis_origin 0 0)
    (visible_elements 7FFFFFFF)
    (pcbplotparams
      (layerselection 0x010fc_ffffffff)
      (usegerberextensions false)
      (usegerberattributes false)
      (usegerberadvancedattributes false)
      (creategerberjobfile false)
      (excludeedgelayer true)
      (linewidth 0.100000)
      (plotframeref false)
      (viasonmask false)
      (mode 1)
      (useauxorigin false)
      (hpglpennumber 1)
      (hpglpenspeed 20)
      (hpglpendiameter 15.000000)
      (psnegative false)
      (psa4output false)
      (plotreference true)
      (plotvalue true)
      (plotinvisibletext false)
      (padsonsilk false)
      (subtractmaskfromsilk false)
      (outputformat 1)
      (mirror false)
      (drillshape 1)
      (scaleselection 1)
      (outputdirectory ""))
  )

  (net 0 "")
  (net 1 "Net-(U2-Pad1)")
  (net 2 "Net-(U2-Pad2)")
  (net 3 "Net-(U2-Pad3)")
  (net 4 "Net-(U2-Pad4)")
  (net 5 "Net-(U2-Pad5)")
  (net 6 "Net-(U2-Pad6)")
  (net 7 "Net-(U2-Pad7)")
  (net 8 GND)
  (net 9 "Net-(U2-Pad11)")
  (net 10 /USARTC0_RX)
  (net 11 "Net-(U2-Pad16)")
  (net 12 "Net-(U2-Pad17)")
  (net 13 "Net-(U2-Pad21)")
  (net 14 "Net-(U2-Pad25)")
  (net 15 "Net-(U2-Pad26)")
  (net 16 "Net-(U2-Pad27)")
  (net 17 "Net-(U2-Pad32)")
  (net 18 "Net-(U2-Pad33)")
  (net 19 "Net-(U2-Pad36)")
  (net 20 "Net-(U2-Pad37)")
  (net 21 "Net-(U2-Pad40)")
  (net 22 "Net-(U2-Pad41)")
  (net 23 "Net-(U2-Pad42)")
  (net 24 "Net-(U2-Pad43)")
  (net 25 "Net-(U2-Pad44)")
  (net 26 /E_Match_Fire_1)
  (net 27 /E_Match_Fire_2)
  (net 28 +3V3)
  (net 29 "Net-(J4-Pad2)")
  (net 30 "Net-(U1-Pad4)")
  (net 31 "Net-(U1-Pad5)")
  (net 32 "Net-(U1-Pad6)")
  (net 33 "Net-(U1-Pad7)")
  (net 34 "Net-(U1-Pad8)")
  (net 35 "Net-(U1-Pad9)")
  (net 36 "Net-(U1-Pad18)")
  (net 37 "Net-(U1-Pad11)")
  (net 38 "Net-(U1-Pad12)")
  (net 39 "Net-(U1-Pad13)")
  (net 40 "Net-(U1-Pad14)")
  (net 41 "Net-(U1-Pad15)")
  (net 42 "Net-(U1-Pad16)")
  (net 43 "Net-(U1-Pad17)")
  (net 44 "Net-(U1-Pad19)")
  (net 45 "Net-(U1-Pad20)")
  (net 46 "Net-(J1-Pad1)")
  (net 47 "Net-(BZ1-Pad2)")
  (net 48 /BUZZER_CTRL)
  (net 49 "Net-(J3-Pad2)")
  (net 50 "Net-(D3-Pad2)")
  (net 51 "Net-(C14-Pad2)")
  (net 52 "Net-(C12-Pad1)")
  (net 53 +6V)
  (net 54 "Net-(BT1-Pad2)")
  (net 55 "Net-(BT1-Pad1)")
  (net 56 "Net-(L1-Pad1)")
  (net 57 /USB_D-)
  (net 58 "Net-(R8-Pad1)")
  (net 59 "Net-(J2-Pad1)")
  (net 60 /VBUS_SENSE)
  (net 61 "Net-(R6-Pad1)")
  (net 62 /LATCH_SENSE)
  (net 63 /USB_D+)
  (net 64 "Net-(R9-Pad1)")
  (net 65 /LATCH_ENABLE)
  (net 66 +12V)
  (net 67 /PDI_CLK)
  (net 68 /USARTD0_RX)
  (net 69 "Net-(U3-Pad2)")
  (net 70 /FTDI_DECOUPLED_V)
  (net 71 /USARTD0_TX)
  (net 72 "Net-(U3-Pad6)")
  (net 73 "Net-(U3-Pad7)")
  (net 74 "Net-(C1-Pad1)")
  (net 75 "Net-(U3-Pad14)")
  (net 76 "Net-(U3-Pad16)")
  (net 77 /LED1CTRL)
  (net 78 /USARTC0_TX)
  (net 79 /LED2CTRL)
  (net 80 /PDI_DATA)
  (net 81 "Net-(C15-Pad2)")
  (net 82 "Net-(J2-Pad4)")
  (net 83 "Net-(J1-Pad2)")
  (net 84 "Net-(J5-Pad3)")
  (net 85 "Net-(J5-Pad4)")
  (net 86 "Net-(SW2-Pad3)")

  (net_class Default "This is the default net class."
    (clearance 0.2)
    (trace_width 0.25)
    (via_dia 0.8)
    (via_drill 0.4)
    (uvia_dia 0.3)
    (uvia_drill 0.1)
    (add_net +12V)
    (add_net +3V3)
    (add_net +6V)
    (add_net /BUZZER_CTRL)
    (add_net /E_Match_Fire_1)
    (add_net /E_Match_Fire_2)
    (add_net /FTDI_DECOUPLED_V)
    (add_net /LATCH_ENABLE)
    (add_net /LATCH_SENSE)
    (add_net /LED1CTRL)
    (add_net /LED2CTRL)
    (add_net /PDI_CLK)
    (add_net /PDI_DATA)
    (add_net /USARTC0_RX)
    (add_net /USARTC0_TX)
    (add_net /USARTD0_RX)
    (add_net /USARTD0_TX)
    (add_net /USB_D+)
    (add_net /USB_D-)
    (add_net /VBUS_SENSE)
    (add_net GND)
    (add_net "Net-(BT1-Pad1)")
    (add_net "Net-(BT1-Pad2)")
    (add_net "Net-(BZ1-Pad2)")
    (add_net "Net-(C1-Pad1)")
    (add_net "Net-(C12-Pad1)")
    (add_net "Net-(C14-Pad2)")
    (add_net "Net-(C15-Pad2)")
    (add_net "Net-(D3-Pad2)")
    (add_net "Net-(J1-Pad1)")
    (add_net "Net-(J1-Pad2)")
    (add_net "Net-(J2-Pad1)")
    (add_net "Net-(J2-Pad4)")
    (add_net "Net-(J3-Pad2)")
    (add_net "Net-(J4-Pad2)")
    (add_net "Net-(J5-Pad3)")
    (add_net "Net-(J5-Pad4)")
    (add_net "Net-(L1-Pad1)")
    (add_net "Net-(R6-Pad1)")
    (add_net "Net-(R8-Pad1)")
    (add_net "Net-(R9-Pad1)")
    (add_net "Net-(SW2-Pad3)")
    (add_net "Net-(U1-Pad11)")
    (add_net "Net-(U1-Pad12)")
    (add_net "Net-(U1-Pad13)")
    (add_net "Net-(U1-Pad14)")
    (add_net "Net-(U1-Pad15)")
    (add_net "Net-(U1-Pad16)")
    (add_net "Net-(U1-Pad17)")
    (add_net "Net-(U1-Pad18)")
    (add_net "Net-(U1-Pad19)")
    (add_net "Net-(U1-Pad20)")
    (add_net "Net-(U1-Pad4)")
    (add_net "Net-(U1-Pad5)")
    (add_net "Net-(U1-Pad6)")
    (add_net "Net-(U1-Pad7)")
    (add_net "Net-(U1-Pad8)")
    (add_net "Net-(U1-Pad9)")
    (add_net "Net-(U2-Pad1)")
    (add_net "Net-(U2-Pad11)")
    (add_net "Net-(U2-Pad16)")
    (add_net "Net-(U2-Pad17)")
    (add_net "Net-(U2-Pad2)")
    (add_net "Net-(U2-Pad21)")
    (add_net "Net-(U2-Pad25)")
    (add_net "Net-(U2-Pad26)")
    (add_net "Net-(U2-Pad27)")
    (add_net "Net-(U2-Pad3)")
    (add_net "Net-(U2-Pad32)")
    (add_net "Net-(U2-Pad33)")
    (add_net "Net-(U2-Pad36)")
    (add_net "Net-(U2-Pad37)")
    (add_net "Net-(U2-Pad4)")
    (add_net "Net-(U2-Pad40)")
    (add_net "Net-(U2-Pad41)")
    (add_net "Net-(U2-Pad42)")
    (add_net "Net-(U2-Pad43)")
    (add_net "Net-(U2-Pad44)")
    (add_net "Net-(U2-Pad5)")
    (add_net "Net-(U2-Pad6)")
    (add_net "Net-(U2-Pad7)")
    (add_net "Net-(U3-Pad14)")
    (add_net "Net-(U3-Pad16)")
    (add_net "Net-(U3-Pad2)")
    (add_net "Net-(U3-Pad6)")
    (add_net "Net-(U3-Pad7)")
  )

  (module Connector_PinHeader_2.54mm:PinHeader_1x02_P2.54mm_Vertical (layer B.Cu) (tedit 59FED5CC) (tstamp 5C329638)
    (at 99.06 114.3)
    (descr "Through hole straight pin header, 1x02, 2.54mm pitch, single row")
    (tags "Through hole pin header THT 1x02 2.54mm single row")
    (path /5BD2483E)
    (fp_text reference J1 (at 0 2.33) (layer B.SilkS)
      (effects (font (size 1 1) (thickness 0.15)) (justify mirror))
    )
    (fp_text value Screw_Terminal_01x02 (at 0 -4.87) (layer B.Fab)
      (effects (font (size 1 1) (thickness 0.15)) (justify mirror))
    )
    (fp_text user %R (at 0 -1.27 -90) (layer B.Fab)
      (effects (font (size 1 1) (thickness 0.15)) (justify mirror))
    )
    (fp_line (start 1.8 1.8) (end -1.8 1.8) (layer B.CrtYd) (width 0.05))
    (fp_line (start 1.8 -4.35) (end 1.8 1.8) (layer B.CrtYd) (width 0.05))
    (fp_line (start -1.8 -4.35) (end 1.8 -4.35) (layer B.CrtYd) (width 0.05))
    (fp_line (start -1.8 1.8) (end -1.8 -4.35) (layer B.CrtYd) (width 0.05))
    (fp_line (start -1.33 1.33) (end 0 1.33) (layer B.SilkS) (width 0.12))
    (fp_line (start -1.33 0) (end -1.33 1.33) (layer B.SilkS) (width 0.12))
    (fp_line (start -1.33 -1.27) (end 1.33 -1.27) (layer B.SilkS) (width 0.12))
    (fp_line (start 1.33 -1.27) (end 1.33 -3.87) (layer B.SilkS) (width 0.12))
    (fp_line (start -1.33 -1.27) (end -1.33 -3.87) (layer B.SilkS) (width 0.12))
    (fp_line (start -1.33 -3.87) (end 1.33 -3.87) (layer B.SilkS) (width 0.12))
    (fp_line (start -1.27 0.635) (end -0.635 1.27) (layer B.Fab) (width 0.1))
    (fp_line (start -1.27 -3.81) (end -1.27 0.635) (layer B.Fab) (width 0.1))
    (fp_line (start 1.27 -3.81) (end -1.27 -3.81) (layer B.Fab) (width 0.1))
    (fp_line (start 1.27 1.27) (end 1.27 -3.81) (layer B.Fab) (width 0.1))
    (fp_line (start -0.635 1.27) (end 1.27 1.27) (layer B.Fab) (width 0.1))
    (pad 2 thru_hole oval (at 0 -2.54) (size 1.7 1.7) (drill 1) (layers *.Cu *.Mask)
      (net 83 "Net-(J1-Pad2)"))
    (pad 1 thru_hole rect (at 0 0) (size 1.7 1.7) (drill 1) (layers *.Cu *.Mask)
      (net 46 "Net-(J1-Pad1)"))
    (model ${KISYS3DMOD}/Connector_PinHeader_2.54mm.3dshapes/PinHeader_1x02_P2.54mm_Vertical.wrl
      (at (xyz 0 0 0))
      (scale (xyz 1 1 1))
      (rotate (xyz 0 0 0))
    )
  )

  (module Connector_PinHeader_2.54mm:PinHeader_1x02_P2.54mm_Vertical (layer B.Cu) (tedit 59FED5CC) (tstamp 5C329623)
    (at 99.06 123.19)
    (descr "Through hole straight pin header, 1x02, 2.54mm pitch, single row")
    (tags "Through hole pin header THT 1x02 2.54mm single row")
    (path /5BD2838C)
    (fp_text reference J3 (at 0 2.33) (layer B.SilkS)
      (effects (font (size 1 1) (thickness 0.15)) (justify mirror))
    )
    (fp_text value Screw_Terminal_01x02 (at 0 -4.87) (layer B.Fab)
      (effects (font (size 1 1) (thickness 0.15)) (justify mirror))
    )
    (fp_line (start -0.635 1.27) (end 1.27 1.27) (layer B.Fab) (width 0.1))
    (fp_line (start 1.27 1.27) (end 1.27 -3.81) (layer B.Fab) (width 0.1))
    (fp_line (start 1.27 -3.81) (end -1.27 -3.81) (layer B.Fab) (width 0.1))
    (fp_line (start -1.27 -3.81) (end -1.27 0.635) (layer B.Fab) (width 0.1))
    (fp_line (start -1.27 0.635) (end -0.635 1.27) (layer B.Fab) (width 0.1))
    (fp_line (start -1.33 -3.87) (end 1.33 -3.87) (layer B.SilkS) (width 0.12))
    (fp_line (start -1.33 -1.27) (end -1.33 -3.87) (layer B.SilkS) (width 0.12))
    (fp_line (start 1.33 -1.27) (end 1.33 -3.87) (layer B.SilkS) (width 0.12))
    (fp_line (start -1.33 -1.27) (end 1.33 -1.27) (layer B.SilkS) (width 0.12))
    (fp_line (start -1.33 0) (end -1.33 1.33) (layer B.SilkS) (width 0.12))
    (fp_line (start -1.33 1.33) (end 0 1.33) (layer B.SilkS) (width 0.12))
    (fp_line (start -1.8 1.8) (end -1.8 -4.35) (layer B.CrtYd) (width 0.05))
    (fp_line (start -1.8 -4.35) (end 1.8 -4.35) (layer B.CrtYd) (width 0.05))
    (fp_line (start 1.8 -4.35) (end 1.8 1.8) (layer B.CrtYd) (width 0.05))
    (fp_line (start 1.8 1.8) (end -1.8 1.8) (layer B.CrtYd) (width 0.05))
    (fp_text user %R (at 0 -1.27 -90) (layer B.Fab)
      (effects (font (size 1 1) (thickness 0.15)) (justify mirror))
    )
    (pad 1 thru_hole rect (at 0 0) (size 1.7 1.7) (drill 1) (layers *.Cu *.Mask)
      (net 83 "Net-(J1-Pad2)"))
    (pad 2 thru_hole oval (at 0 -2.54) (size 1.7 1.7) (drill 1) (layers *.Cu *.Mask)
      (net 49 "Net-(J3-Pad2)"))
    (model ${KISYS3DMOD}/Connector_PinHeader_2.54mm.3dshapes/PinHeader_1x02_P2.54mm_Vertical.wrl
      (at (xyz 0 0 0))
      (scale (xyz 1 1 1))
      (rotate (xyz 0 0 0))
    )
  )

  (module Connector_PinHeader_1.27mm:PinHeader_2x03_P1.27mm_Vertical (layer F.Cu) (tedit 59FED6E3) (tstamp 5C31C082)
    (at 114.3 99.06)
    (descr "Through hole straight pin header, 2x03, 1.27mm pitch, double rows")
    (tags "Through hole pin header THT 2x03 1.27mm double row")
    (path /5C4DF7A4)
    (fp_text reference J5 (at 0.635 -1.695) (layer F.SilkS)
      (effects (font (size 1 1) (thickness 0.15)))
    )
    (fp_text value Conn_02x03_Odd_Even (at 0.635 4.235) (layer F.Fab)
      (effects (font (size 1 1) (thickness 0.15)))
    )
    (fp_line (start -0.2175 -0.635) (end 2.34 -0.635) (layer F.Fab) (width 0.1))
    (fp_line (start 2.34 -0.635) (end 2.34 3.175) (layer F.Fab) (width 0.1))
    (fp_line (start 2.34 3.175) (end -1.07 3.175) (layer F.Fab) (width 0.1))
    (fp_line (start -1.07 3.175) (end -1.07 0.2175) (layer F.Fab) (width 0.1))
    (fp_line (start -1.07 0.2175) (end -0.2175 -0.635) (layer F.Fab) (width 0.1))
    (fp_line (start -1.13 3.235) (end -0.30753 3.235) (layer F.SilkS) (width 0.12))
    (fp_line (start 1.57753 3.235) (end 2.4 3.235) (layer F.SilkS) (width 0.12))
    (fp_line (start 0.30753 3.235) (end 0.96247 3.235) (layer F.SilkS) (width 0.12))
    (fp_line (start -1.13 0.76) (end -1.13 3.235) (layer F.SilkS) (width 0.12))
    (fp_line (start 2.4 -0.695) (end 2.4 3.235) (layer F.SilkS) (width 0.12))
    (fp_line (start -1.13 0.76) (end -0.563471 0.76) (layer F.SilkS) (width 0.12))
    (fp_line (start 0.563471 0.76) (end 0.706529 0.76) (layer F.SilkS) (width 0.12))
    (fp_line (start 0.76 0.706529) (end 0.76 0.563471) (layer F.SilkS) (width 0.12))
    (fp_line (start 0.76 -0.563471) (end 0.76 -0.695) (layer F.SilkS) (width 0.12))
    (fp_line (start 0.76 -0.695) (end 0.96247 -0.695) (layer F.SilkS) (width 0.12))
    (fp_line (start 1.57753 -0.695) (end 2.4 -0.695) (layer F.SilkS) (width 0.12))
    (fp_line (start -1.13 0) (end -1.13 -0.76) (layer F.SilkS) (width 0.12))
    (fp_line (start -1.13 -0.76) (end 0 -0.76) (layer F.SilkS) (width 0.12))
    (fp_line (start -1.6 -1.15) (end -1.6 3.7) (layer F.CrtYd) (width 0.05))
    (fp_line (start -1.6 3.7) (end 2.85 3.7) (layer F.CrtYd) (width 0.05))
    (fp_line (start 2.85 3.7) (end 2.85 -1.15) (layer F.CrtYd) (width 0.05))
    (fp_line (start 2.85 -1.15) (end -1.6 -1.15) (layer F.CrtYd) (width 0.05))
    (fp_text user %R (at 0.635 1.27 90) (layer F.Fab)
      (effects (font (size 1 1) (thickness 0.15)))
    )
    (pad 1 thru_hole rect (at 0 0) (size 1 1) (drill 0.65) (layers *.Cu *.Mask)
      (net 80 /PDI_DATA))
    (pad 2 thru_hole oval (at 1.27 0) (size 1 1) (drill 0.65) (layers *.Cu *.Mask)
      (net 28 +3V3))
    (pad 3 thru_hole oval (at 0 1.27) (size 1 1) (drill 0.65) (layers *.Cu *.Mask)
      (net 84 "Net-(J5-Pad3)"))
    (pad 4 thru_hole oval (at 1.27 1.27) (size 1 1) (drill 0.65) (layers *.Cu *.Mask)
      (net 85 "Net-(J5-Pad4)"))
    (pad 5 thru_hole oval (at 0 2.54) (size 1 1) (drill 0.65) (layers *.Cu *.Mask)
      (net 67 /PDI_CLK))
    (pad 6 thru_hole oval (at 1.27 2.54) (size 1 1) (drill 0.65) (layers *.Cu *.Mask)
      (net 8 GND))
    (model ${KISYS3DMOD}/Connector_PinHeader_1.27mm.3dshapes/PinHeader_2x03_P1.27mm_Vertical.wrl
      (at (xyz 0 0 0))
      (scale (xyz 1 1 1))
      (rotate (xyz 0 0 0))
    )
  )

  (module Button_Switch_THT:SW_E-Switch_EG1224_SPDT_Angled (layer F.Cu) (tedit 5A02FE31) (tstamp 5C30EDBF)
    (at 116.3 77.03)
    (descr "E-Switch slide switch, EG series, SPDT, right angle, http://spec_sheets.e-switch.com/specs/P040042.pdf")
    (tags "switch SPDT")
    (path /5C08D6C1)
    (fp_text reference SW2 (at 4 -2.95) (layer F.SilkS)
      (effects (font (size 1 1) (thickness 0.15)))
    )
    (fp_text value SW_SPDT (at 4 14.45) (layer F.Fab)
      (effects (font (size 1 1) (thickness 0.15)))
    )
    (fp_line (start -3.3 -3.05) (end -2 -3.05) (layer F.SilkS) (width 0.12))
    (fp_line (start -3.3 -1.75) (end -3.3 -3.05) (layer F.SilkS) (width 0.12))
    (fp_line (start -1.9 -2) (end -2.9 -1) (layer F.Fab) (width 0.1))
    (fp_line (start -3.25 5.5) (end -3.25 -3) (layer F.CrtYd) (width 0.05))
    (fp_line (start -0.75 5.5) (end -3.25 5.5) (layer F.CrtYd) (width 0.05))
    (fp_line (start -0.75 13.75) (end -0.75 5.5) (layer F.CrtYd) (width 0.05))
    (fp_line (start 8.75 13.75) (end -0.75 13.75) (layer F.CrtYd) (width 0.05))
    (fp_line (start 8.75 5.5) (end 8.75 13.75) (layer F.CrtYd) (width 0.05))
    (fp_line (start 11.25 5.5) (end 8.75 5.5) (layer F.CrtYd) (width 0.05))
    (fp_line (start 11.25 -3) (end 11.25 5.5) (layer F.CrtYd) (width 0.05))
    (fp_line (start -3.25 -3) (end 11.25 -3) (layer F.CrtYd) (width 0.05))
    (fp_line (start 8.95 4.6) (end -0.95 4.6) (layer F.SilkS) (width 0.12))
    (fp_line (start -0.95 -2.1) (end 8.95 -2.1) (layer F.SilkS) (width 0.12))
    (fp_line (start -3 3.85) (end -3 -1.35) (layer F.SilkS) (width 0.12))
    (fp_line (start 11 -1.35) (end 11 3.85) (layer F.SilkS) (width 0.12))
    (fp_text user %R (at 4 1.25) (layer F.Fab)
      (effects (font (size 1 1) (thickness 0.1)))
    )
    (fp_line (start -0.5 13.5) (end -0.5 4.5) (layer F.Fab) (width 0.1))
    (fp_line (start 4.5 13.5) (end -0.5 13.5) (layer F.Fab) (width 0.1))
    (fp_line (start 4.5 4.5) (end 4.5 13.5) (layer F.Fab) (width 0.1))
    (fp_line (start -2.9 4.5) (end -2.9 -1) (layer F.Fab) (width 0.1))
    (fp_line (start 10.9 4.5) (end -2.9 4.5) (layer F.Fab) (width 0.1))
    (fp_line (start 10.9 -2) (end 10.9 4.5) (layer F.Fab) (width 0.1))
    (fp_line (start -1.9 -2) (end 10.9 -2) (layer F.Fab) (width 0.1))
    (pad "" thru_hole circle (at -2 -1.75) (size 2 2) (drill 1.2) (layers *.Cu *.Mask))
    (pad "" thru_hole circle (at 10 -1.75) (size 2 2) (drill 1.2) (layers *.Cu *.Mask))
    (pad "" thru_hole circle (at 10 4.25) (size 2 2) (drill 1.2) (layers *.Cu *.Mask))
    (pad "" thru_hole circle (at -2 4.25) (size 2 2) (drill 1.2) (layers *.Cu *.Mask))
    (pad 1 thru_hole circle (at 0 0) (size 1.7 1.7) (drill 0.9) (layers *.Cu *.Mask)
      (net 53 +6V))
    (pad 2 thru_hole circle (at 4 0) (size 1.7 1.7) (drill 0.9) (layers *.Cu *.Mask)
      (net 55 "Net-(BT1-Pad1)"))
    (pad 3 thru_hole circle (at 8 0) (size 1.7 1.7) (drill 0.9) (layers *.Cu *.Mask)
      (net 86 "Net-(SW2-Pad3)"))
    (model ${KISYS3DMOD}/Button_Switch_THT.3dshapes/SW_E-Switch_EG1224_SPDT_Angled.wrl
      (at (xyz 0 0 0))
      (scale (xyz 1 1 1))
      (rotate (xyz 0 0 0))
    )
  )

  (module Buzzer_Beeper:Buzzer_12x9.5RM7.6 (layer F.Cu) (tedit 5A030281) (tstamp 5C30ED9D)
    (at 57.15 100.33 270)
    (descr "Generic Buzzer, D12mm height 9.5mm with RM7.6mm")
    (tags buzzer)
    (path /5BE9AC1A)
    (fp_text reference BZ1 (at 11.43 0) (layer F.SilkS)
      (effects (font (size 1 1) (thickness 0.15)))
    )
    (fp_text value Buzzer (at 3.8 7.4 270) (layer F.Fab)
      (effects (font (size 1 1) (thickness 0.15)))
    )
    (fp_text user + (at -0.01 -2.54 270) (layer F.Fab)
      (effects (font (size 1 1) (thickness 0.15)))
    )
    (fp_text user + (at -0.01 -2.54 270) (layer F.SilkS)
      (effects (font (size 1 1) (thickness 0.15)))
    )
    (fp_text user %R (at 3.8 -4 270) (layer F.Fab)
      (effects (font (size 1 1) (thickness 0.15)))
    )
    (fp_circle (center 3.8 0) (end 10.05 0) (layer F.CrtYd) (width 0.05))
    (fp_circle (center 3.8 0) (end 9.8 0) (layer F.Fab) (width 0.1))
    (fp_circle (center 3.8 0) (end 4.8 0) (layer F.Fab) (width 0.1))
    (fp_circle (center 3.8 0) (end 9.9 0) (layer F.SilkS) (width 0.12))
    (pad 1 thru_hole rect (at 0 0 270) (size 2 2) (drill 1) (layers *.Cu *.Mask)
      (net 53 +6V))
    (pad 2 thru_hole circle (at 7.6 0 270) (size 2 2) (drill 1) (layers *.Cu *.Mask)
      (net 47 "Net-(BZ1-Pad2)"))
    (model ${KISYS3DMOD}/Buzzer_Beeper.3dshapes/Buzzer_12x9.5RM7.6.wrl
      (at (xyz 0 0 0))
      (scale (xyz 1 1 1))
      (rotate (xyz 0 0 0))
    )
  )

  (module Capacitor_SMD:C_0603_1608Metric_Pad1.05x0.95mm_HandSolder (layer F.Cu) (tedit 5B301BBE) (tstamp 5C30ED90)
    (at 174.120933 112.103657)
    (descr "Capacitor SMD 0603 (1608 Metric), square (rectangular) end terminal, IPC_7351 nominal with elongated pad for handsoldering. (Body size source: http://www.tortai-tech.com/upload/download/2011102023233369053.pdf), generated with kicad-footprint-generator")
    (tags "capacitor handsolder")
    (path /5C156E22)
    (attr smd)
    (fp_text reference C10 (at 3.175 0) (layer F.SilkS)
      (effects (font (size 1 1) (thickness 0.15)))
    )
    (fp_text value 10uF (at 0 1.43) (layer F.Fab)
      (effects (font (size 1 1) (thickness 0.15)))
    )
    (fp_text user %R (at 0 0) (layer F.Fab)
      (effects (font (size 0.4 0.4) (thickness 0.06)))
    )
    (fp_line (start 1.65 0.73) (end -1.65 0.73) (layer F.CrtYd) (width 0.05))
    (fp_line (start 1.65 -0.73) (end 1.65 0.73) (layer F.CrtYd) (width 0.05))
    (fp_line (start -1.65 -0.73) (end 1.65 -0.73) (layer F.CrtYd) (width 0.05))
    (fp_line (start -1.65 0.73) (end -1.65 -0.73) (layer F.CrtYd) (width 0.05))
    (fp_line (start -0.171267 0.51) (end 0.171267 0.51) (layer F.SilkS) (width 0.12))
    (fp_line (start -0.171267 -0.51) (end 0.171267 -0.51) (layer F.SilkS) (width 0.12))
    (fp_line (start 0.8 0.4) (end -0.8 0.4) (layer F.Fab) (width 0.1))
    (fp_line (start 0.8 -0.4) (end 0.8 0.4) (layer F.Fab) (width 0.1))
    (fp_line (start -0.8 -0.4) (end 0.8 -0.4) (layer F.Fab) (width 0.1))
    (fp_line (start -0.8 0.4) (end -0.8 -0.4) (layer F.Fab) (width 0.1))
    (pad 2 smd roundrect (at 0.875 0) (size 1.05 0.95) (layers F.Cu F.Paste F.Mask) (roundrect_rratio 0.25)
      (net 8 GND))
    (pad 1 smd roundrect (at -0.875 0) (size 1.05 0.95) (layers F.Cu F.Paste F.Mask) (roundrect_rratio 0.25)
      (net 28 +3V3))
    (model ${KISYS3DMOD}/Capacitor_SMD.3dshapes/C_0603_1608Metric.wrl
      (at (xyz 0 0 0))
      (scale (xyz 1 1 1))
      (rotate (xyz 0 0 0))
    )
  )

  (module Capacitor_SMD:C_0603_1608Metric_Pad1.05x0.95mm_HandSolder (layer F.Cu) (tedit 5B301BBE) (tstamp 5C30ED7F)
    (at 120.105001 145.025001)
    (descr "Capacitor SMD 0603 (1608 Metric), square (rectangular) end terminal, IPC_7351 nominal with elongated pad for handsoldering. (Body size source: http://www.tortai-tech.com/upload/download/2011102023233369053.pdf), generated with kicad-footprint-generator")
    (tags "capacitor handsolder")
    (path /5BEE65F8)
    (attr smd)
    (fp_text reference C4 (at 0 -1.43) (layer F.SilkS)
      (effects (font (size 1 1) (thickness 0.15)))
    )
    (fp_text value 4.7uF (at 0 1.43) (layer F.Fab)
      (effects (font (size 1 1) (thickness 0.15)))
    )
    (fp_line (start -0.8 0.4) (end -0.8 -0.4) (layer F.Fab) (width 0.1))
    (fp_line (start -0.8 -0.4) (end 0.8 -0.4) (layer F.Fab) (width 0.1))
    (fp_line (start 0.8 -0.4) (end 0.8 0.4) (layer F.Fab) (width 0.1))
    (fp_line (start 0.8 0.4) (end -0.8 0.4) (layer F.Fab) (width 0.1))
    (fp_line (start -0.171267 -0.51) (end 0.171267 -0.51) (layer F.SilkS) (width 0.12))
    (fp_line (start -0.171267 0.51) (end 0.171267 0.51) (layer F.SilkS) (width 0.12))
    (fp_line (start -1.65 0.73) (end -1.65 -0.73) (layer F.CrtYd) (width 0.05))
    (fp_line (start -1.65 -0.73) (end 1.65 -0.73) (layer F.CrtYd) (width 0.05))
    (fp_line (start 1.65 -0.73) (end 1.65 0.73) (layer F.CrtYd) (width 0.05))
    (fp_line (start 1.65 0.73) (end -1.65 0.73) (layer F.CrtYd) (width 0.05))
    (fp_text user %R (at 0 0) (layer F.Fab)
      (effects (font (size 0.4 0.4) (thickness 0.06)))
    )
    (pad 1 smd roundrect (at -0.875 0) (size 1.05 0.95) (layers F.Cu F.Paste F.Mask) (roundrect_rratio 0.25)
      (net 74 "Net-(C1-Pad1)"))
    (pad 2 smd roundrect (at 0.875 0) (size 1.05 0.95) (layers F.Cu F.Paste F.Mask) (roundrect_rratio 0.25)
      (net 8 GND))
    (model ${KISYS3DMOD}/Capacitor_SMD.3dshapes/C_0603_1608Metric.wrl
      (at (xyz 0 0 0))
      (scale (xyz 1 1 1))
      (rotate (xyz 0 0 0))
    )
  )

  (module Capacitor_SMD:C_0603_1608Metric_Pad1.05x0.95mm_HandSolder (layer F.Cu) (tedit 5B301BBE) (tstamp 5C30ED6E)
    (at 131.705001 133.395001)
    (descr "Capacitor SMD 0603 (1608 Metric), square (rectangular) end terminal, IPC_7351 nominal with elongated pad for handsoldering. (Body size source: http://www.tortai-tech.com/upload/download/2011102023233369053.pdf), generated with kicad-footprint-generator")
    (tags "capacitor handsolder")
    (path /5BEE659A)
    (attr smd)
    (fp_text reference C3 (at 0 -1.43) (layer F.SilkS)
      (effects (font (size 1 1) (thickness 0.15)))
    )
    (fp_text value 100nF (at 0 1.43) (layer F.Fab)
      (effects (font (size 1 1) (thickness 0.15)))
    )
    (fp_text user %R (at 0 0) (layer F.Fab)
      (effects (font (size 0.4 0.4) (thickness 0.06)))
    )
    (fp_line (start 1.65 0.73) (end -1.65 0.73) (layer F.CrtYd) (width 0.05))
    (fp_line (start 1.65 -0.73) (end 1.65 0.73) (layer F.CrtYd) (width 0.05))
    (fp_line (start -1.65 -0.73) (end 1.65 -0.73) (layer F.CrtYd) (width 0.05))
    (fp_line (start -1.65 0.73) (end -1.65 -0.73) (layer F.CrtYd) (width 0.05))
    (fp_line (start -0.171267 0.51) (end 0.171267 0.51) (layer F.SilkS) (width 0.12))
    (fp_line (start -0.171267 -0.51) (end 0.171267 -0.51) (layer F.SilkS) (width 0.12))
    (fp_line (start 0.8 0.4) (end -0.8 0.4) (layer F.Fab) (width 0.1))
    (fp_line (start 0.8 -0.4) (end 0.8 0.4) (layer F.Fab) (width 0.1))
    (fp_line (start -0.8 -0.4) (end 0.8 -0.4) (layer F.Fab) (width 0.1))
    (fp_line (start -0.8 0.4) (end -0.8 -0.4) (layer F.Fab) (width 0.1))
    (pad 2 smd roundrect (at 0.875 0) (size 1.05 0.95) (layers F.Cu F.Paste F.Mask) (roundrect_rratio 0.25)
      (net 8 GND))
    (pad 1 smd roundrect (at -0.875 0) (size 1.05 0.95) (layers F.Cu F.Paste F.Mask) (roundrect_rratio 0.25)
      (net 74 "Net-(C1-Pad1)"))
    (model ${KISYS3DMOD}/Capacitor_SMD.3dshapes/C_0603_1608Metric.wrl
      (at (xyz 0 0 0))
      (scale (xyz 1 1 1))
      (rotate (xyz 0 0 0))
    )
  )

  (module Capacitor_SMD:C_0603_1608Metric_Pad1.05x0.95mm_HandSolder (layer F.Cu) (tedit 5B301BBE) (tstamp 5C30ED5D)
    (at 135.855001 128.735001)
    (descr "Capacitor SMD 0603 (1608 Metric), square (rectangular) end terminal, IPC_7351 nominal with elongated pad for handsoldering. (Body size source: http://www.tortai-tech.com/upload/download/2011102023233369053.pdf), generated with kicad-footprint-generator")
    (tags "capacitor handsolder")
    (path /5BEE2353)
    (attr smd)
    (fp_text reference C2 (at 0 -1.43) (layer F.SilkS)
      (effects (font (size 1 1) (thickness 0.15)))
    )
    (fp_text value 100nF (at 0 1.43) (layer F.Fab)
      (effects (font (size 1 1) (thickness 0.15)))
    )
    (fp_line (start -0.8 0.4) (end -0.8 -0.4) (layer F.Fab) (width 0.1))
    (fp_line (start -0.8 -0.4) (end 0.8 -0.4) (layer F.Fab) (width 0.1))
    (fp_line (start 0.8 -0.4) (end 0.8 0.4) (layer F.Fab) (width 0.1))
    (fp_line (start 0.8 0.4) (end -0.8 0.4) (layer F.Fab) (width 0.1))
    (fp_line (start -0.171267 -0.51) (end 0.171267 -0.51) (layer F.SilkS) (width 0.12))
    (fp_line (start -0.171267 0.51) (end 0.171267 0.51) (layer F.SilkS) (width 0.12))
    (fp_line (start -1.65 0.73) (end -1.65 -0.73) (layer F.CrtYd) (width 0.05))
    (fp_line (start -1.65 -0.73) (end 1.65 -0.73) (layer F.CrtYd) (width 0.05))
    (fp_line (start 1.65 -0.73) (end 1.65 0.73) (layer F.CrtYd) (width 0.05))
    (fp_line (start 1.65 0.73) (end -1.65 0.73) (layer F.CrtYd) (width 0.05))
    (fp_text user %R (at 0 0) (layer F.Fab)
      (effects (font (size 0.4 0.4) (thickness 0.06)))
    )
    (pad 1 smd roundrect (at -0.875 0) (size 1.05 0.95) (layers F.Cu F.Paste F.Mask) (roundrect_rratio 0.25)
      (net 8 GND))
    (pad 2 smd roundrect (at 0.875 0) (size 1.05 0.95) (layers F.Cu F.Paste F.Mask) (roundrect_rratio 0.25)
      (net 70 /FTDI_DECOUPLED_V))
    (model ${KISYS3DMOD}/Capacitor_SMD.3dshapes/C_0603_1608Metric.wrl
      (at (xyz 0 0 0))
      (scale (xyz 1 1 1))
      (rotate (xyz 0 0 0))
    )
  )

  (module Capacitor_SMD:C_0603_1608Metric_Pad1.05x0.95mm_HandSolder (layer F.Cu) (tedit 5B301BBE) (tstamp 5C30ED4C)
    (at 144.105001 121.175001)
    (descr "Capacitor SMD 0603 (1608 Metric), square (rectangular) end terminal, IPC_7351 nominal with elongated pad for handsoldering. (Body size source: http://www.tortai-tech.com/upload/download/2011102023233369053.pdf), generated with kicad-footprint-generator")
    (tags "capacitor handsolder")
    (path /5BEE653E)
    (attr smd)
    (fp_text reference C1 (at 0 -1.43) (layer F.SilkS)
      (effects (font (size 1 1) (thickness 0.15)))
    )
    (fp_text value 100nF (at 0 1.43) (layer F.Fab)
      (effects (font (size 1 1) (thickness 0.15)))
    )
    (fp_text user %R (at 0 0) (layer F.Fab)
      (effects (font (size 0.4 0.4) (thickness 0.06)))
    )
    (fp_line (start 1.65 0.73) (end -1.65 0.73) (layer F.CrtYd) (width 0.05))
    (fp_line (start 1.65 -0.73) (end 1.65 0.73) (layer F.CrtYd) (width 0.05))
    (fp_line (start -1.65 -0.73) (end 1.65 -0.73) (layer F.CrtYd) (width 0.05))
    (fp_line (start -1.65 0.73) (end -1.65 -0.73) (layer F.CrtYd) (width 0.05))
    (fp_line (start -0.171267 0.51) (end 0.171267 0.51) (layer F.SilkS) (width 0.12))
    (fp_line (start -0.171267 -0.51) (end 0.171267 -0.51) (layer F.SilkS) (width 0.12))
    (fp_line (start 0.8 0.4) (end -0.8 0.4) (layer F.Fab) (width 0.1))
    (fp_line (start 0.8 -0.4) (end 0.8 0.4) (layer F.Fab) (width 0.1))
    (fp_line (start -0.8 -0.4) (end 0.8 -0.4) (layer F.Fab) (width 0.1))
    (fp_line (start -0.8 0.4) (end -0.8 -0.4) (layer F.Fab) (width 0.1))
    (pad 2 smd roundrect (at 0.875 0) (size 1.05 0.95) (layers F.Cu F.Paste F.Mask) (roundrect_rratio 0.25)
      (net 8 GND))
    (pad 1 smd roundrect (at -0.875 0) (size 1.05 0.95) (layers F.Cu F.Paste F.Mask) (roundrect_rratio 0.25)
      (net 74 "Net-(C1-Pad1)"))
    (model ${KISYS3DMOD}/Capacitor_SMD.3dshapes/C_0603_1608Metric.wrl
      (at (xyz 0 0 0))
      (scale (xyz 1 1 1))
      (rotate (xyz 0 0 0))
    )
  )

  (module Capacitor_SMD:C_0603_1608Metric_Pad1.05x0.95mm_HandSolder (layer F.Cu) (tedit 5B301BBE) (tstamp 5C30ED3B)
    (at 132.505001 130.245001)
    (descr "Capacitor SMD 0603 (1608 Metric), square (rectangular) end terminal, IPC_7351 nominal with elongated pad for handsoldering. (Body size source: http://www.tortai-tech.com/upload/download/2011102023233369053.pdf), generated with kicad-footprint-generator")
    (tags "capacitor handsolder")
    (path /5C199C85)
    (attr smd)
    (fp_text reference C15 (at 0 -1.43) (layer F.SilkS)
      (effects (font (size 1 1) (thickness 0.15)))
    )
    (fp_text value 100nF (at 0 1.43) (layer F.Fab)
      (effects (font (size 1 1) (thickness 0.15)))
    )
    (fp_line (start -0.8 0.4) (end -0.8 -0.4) (layer F.Fab) (width 0.1))
    (fp_line (start -0.8 -0.4) (end 0.8 -0.4) (layer F.Fab) (width 0.1))
    (fp_line (start 0.8 -0.4) (end 0.8 0.4) (layer F.Fab) (width 0.1))
    (fp_line (start 0.8 0.4) (end -0.8 0.4) (layer F.Fab) (width 0.1))
    (fp_line (start -0.171267 -0.51) (end 0.171267 -0.51) (layer F.SilkS) (width 0.12))
    (fp_line (start -0.171267 0.51) (end 0.171267 0.51) (layer F.SilkS) (width 0.12))
    (fp_line (start -1.65 0.73) (end -1.65 -0.73) (layer F.CrtYd) (width 0.05))
    (fp_line (start -1.65 -0.73) (end 1.65 -0.73) (layer F.CrtYd) (width 0.05))
    (fp_line (start 1.65 -0.73) (end 1.65 0.73) (layer F.CrtYd) (width 0.05))
    (fp_line (start 1.65 0.73) (end -1.65 0.73) (layer F.CrtYd) (width 0.05))
    (fp_text user %R (at 0 0) (layer F.Fab)
      (effects (font (size 0.4 0.4) (thickness 0.06)))
    )
    (pad 1 smd roundrect (at -0.875 0) (size 1.05 0.95) (layers F.Cu F.Paste F.Mask) (roundrect_rratio 0.25)
      (net 8 GND))
    (pad 2 smd roundrect (at 0.875 0) (size 1.05 0.95) (layers F.Cu F.Paste F.Mask) (roundrect_rratio 0.25)
      (net 81 "Net-(C15-Pad2)"))
    (model ${KISYS3DMOD}/Capacitor_SMD.3dshapes/C_0603_1608Metric.wrl
      (at (xyz 0 0 0))
      (scale (xyz 1 1 1))
      (rotate (xyz 0 0 0))
    )
  )

  (module Capacitor_SMD:C_0603_1608Metric_Pad1.05x0.95mm_HandSolder (layer F.Cu) (tedit 5B301BBE) (tstamp 5C30ED2A)
    (at 154.94 141.605)
    (descr "Capacitor SMD 0603 (1608 Metric), square (rectangular) end terminal, IPC_7351 nominal with elongated pad for handsoldering. (Body size source: http://www.tortai-tech.com/upload/download/2011102023233369053.pdf), generated with kicad-footprint-generator")
    (tags "capacitor handsolder")
    (path /5BFE68DD)
    (attr smd)
    (fp_text reference C14 (at -3.175 0) (layer F.SilkS)
      (effects (font (size 1 1) (thickness 0.15)))
    )
    (fp_text value 15pF (at 0 1.43) (layer F.Fab)
      (effects (font (size 1 1) (thickness 0.15)))
    )
    (fp_text user %R (at 0 0) (layer F.Fab)
      (effects (font (size 0.4 0.4) (thickness 0.06)))
    )
    (fp_line (start 1.65 0.73) (end -1.65 0.73) (layer F.CrtYd) (width 0.05))
    (fp_line (start 1.65 -0.73) (end 1.65 0.73) (layer F.CrtYd) (width 0.05))
    (fp_line (start -1.65 -0.73) (end 1.65 -0.73) (layer F.CrtYd) (width 0.05))
    (fp_line (start -1.65 0.73) (end -1.65 -0.73) (layer F.CrtYd) (width 0.05))
    (fp_line (start -0.171267 0.51) (end 0.171267 0.51) (layer F.SilkS) (width 0.12))
    (fp_line (start -0.171267 -0.51) (end 0.171267 -0.51) (layer F.SilkS) (width 0.12))
    (fp_line (start 0.8 0.4) (end -0.8 0.4) (layer F.Fab) (width 0.1))
    (fp_line (start 0.8 -0.4) (end 0.8 0.4) (layer F.Fab) (width 0.1))
    (fp_line (start -0.8 -0.4) (end 0.8 -0.4) (layer F.Fab) (width 0.1))
    (fp_line (start -0.8 0.4) (end -0.8 -0.4) (layer F.Fab) (width 0.1))
    (pad 2 smd roundrect (at 0.875 0) (size 1.05 0.95) (layers F.Cu F.Paste F.Mask) (roundrect_rratio 0.25)
      (net 51 "Net-(C14-Pad2)"))
    (pad 1 smd roundrect (at -0.875 0) (size 1.05 0.95) (layers F.Cu F.Paste F.Mask) (roundrect_rratio 0.25)
      (net 66 +12V))
    (model ${KISYS3DMOD}/Capacitor_SMD.3dshapes/C_0603_1608Metric.wrl
      (at (xyz 0 0 0))
      (scale (xyz 1 1 1))
      (rotate (xyz 0 0 0))
    )
  )

  (module Capacitor_SMD:C_0603_1608Metric_Pad1.05x0.95mm_HandSolder (layer F.Cu) (tedit 5B301BBE) (tstamp 5C30ED19)
    (at 113.995001 148.785001)
    (descr "Capacitor SMD 0603 (1608 Metric), square (rectangular) end terminal, IPC_7351 nominal with elongated pad for handsoldering. (Body size source: http://www.tortai-tech.com/upload/download/2011102023233369053.pdf), generated with kicad-footprint-generator")
    (tags "capacitor handsolder")
    (path /5C18BE4E)
    (attr smd)
    (fp_text reference C13 (at 0 -1.43) (layer F.SilkS)
      (effects (font (size 1 1) (thickness 0.15)))
    )
    (fp_text value 100nF (at 0 1.43) (layer F.Fab)
      (effects (font (size 1 1) (thickness 0.15)))
    )
    (fp_line (start -0.8 0.4) (end -0.8 -0.4) (layer F.Fab) (width 0.1))
    (fp_line (start -0.8 -0.4) (end 0.8 -0.4) (layer F.Fab) (width 0.1))
    (fp_line (start 0.8 -0.4) (end 0.8 0.4) (layer F.Fab) (width 0.1))
    (fp_line (start 0.8 0.4) (end -0.8 0.4) (layer F.Fab) (width 0.1))
    (fp_line (start -0.171267 -0.51) (end 0.171267 -0.51) (layer F.SilkS) (width 0.12))
    (fp_line (start -0.171267 0.51) (end 0.171267 0.51) (layer F.SilkS) (width 0.12))
    (fp_line (start -1.65 0.73) (end -1.65 -0.73) (layer F.CrtYd) (width 0.05))
    (fp_line (start -1.65 -0.73) (end 1.65 -0.73) (layer F.CrtYd) (width 0.05))
    (fp_line (start 1.65 -0.73) (end 1.65 0.73) (layer F.CrtYd) (width 0.05))
    (fp_line (start 1.65 0.73) (end -1.65 0.73) (layer F.CrtYd) (width 0.05))
    (fp_text user %R (at 0 0) (layer F.Fab)
      (effects (font (size 0.4 0.4) (thickness 0.06)))
    )
    (pad 1 smd roundrect (at -0.875 0) (size 1.05 0.95) (layers F.Cu F.Paste F.Mask) (roundrect_rratio 0.25)
      (net 28 +3V3))
    (pad 2 smd roundrect (at 0.875 0) (size 1.05 0.95) (layers F.Cu F.Paste F.Mask) (roundrect_rratio 0.25)
      (net 8 GND))
    (model ${KISYS3DMOD}/Capacitor_SMD.3dshapes/C_0603_1608Metric.wrl
      (at (xyz 0 0 0))
      (scale (xyz 1 1 1))
      (rotate (xyz 0 0 0))
    )
  )

  (module Capacitor_SMD:C_0603_1608Metric_Pad1.05x0.95mm_HandSolder (layer F.Cu) (tedit 5B301BBE) (tstamp 5C30ED08)
    (at 161.29 143.51 180)
    (descr "Capacitor SMD 0603 (1608 Metric), square (rectangular) end terminal, IPC_7351 nominal with elongated pad for handsoldering. (Body size source: http://www.tortai-tech.com/upload/download/2011102023233369053.pdf), generated with kicad-footprint-generator")
    (tags "capacitor handsolder")
    (path /5C069E11)
    (attr smd)
    (fp_text reference C12 (at -3.175 0 180) (layer F.SilkS)
      (effects (font (size 1 1) (thickness 0.15)))
    )
    (fp_text value C_Small (at 0 1.43 180) (layer F.Fab)
      (effects (font (size 1 1) (thickness 0.15)))
    )
    (fp_text user %R (at 0 0 180) (layer F.Fab)
      (effects (font (size 0.4 0.4) (thickness 0.06)))
    )
    (fp_line (start 1.65 0.73) (end -1.65 0.73) (layer F.CrtYd) (width 0.05))
    (fp_line (start 1.65 -0.73) (end 1.65 0.73) (layer F.CrtYd) (width 0.05))
    (fp_line (start -1.65 -0.73) (end 1.65 -0.73) (layer F.CrtYd) (width 0.05))
    (fp_line (start -1.65 0.73) (end -1.65 -0.73) (layer F.CrtYd) (width 0.05))
    (fp_line (start -0.171267 0.51) (end 0.171267 0.51) (layer F.SilkS) (width 0.12))
    (fp_line (start -0.171267 -0.51) (end 0.171267 -0.51) (layer F.SilkS) (width 0.12))
    (fp_line (start 0.8 0.4) (end -0.8 0.4) (layer F.Fab) (width 0.1))
    (fp_line (start 0.8 -0.4) (end 0.8 0.4) (layer F.Fab) (width 0.1))
    (fp_line (start -0.8 -0.4) (end 0.8 -0.4) (layer F.Fab) (width 0.1))
    (fp_line (start -0.8 0.4) (end -0.8 -0.4) (layer F.Fab) (width 0.1))
    (pad 2 smd roundrect (at 0.875 0 180) (size 1.05 0.95) (layers F.Cu F.Paste F.Mask) (roundrect_rratio 0.25)
      (net 8 GND))
    (pad 1 smd roundrect (at -0.875 0 180) (size 1.05 0.95) (layers F.Cu F.Paste F.Mask) (roundrect_rratio 0.25)
      (net 52 "Net-(C12-Pad1)"))
    (model ${KISYS3DMOD}/Capacitor_SMD.3dshapes/C_0603_1608Metric.wrl
      (at (xyz 0 0 0))
      (scale (xyz 1 1 1))
      (rotate (xyz 0 0 0))
    )
  )

  (module Capacitor_SMD:C_0603_1608Metric_Pad1.05x0.95mm_HandSolder (layer F.Cu) (tedit 5B301BBE) (tstamp 5C30ECF7)
    (at 164.465 140.97 90)
    (descr "Capacitor SMD 0603 (1608 Metric), square (rectangular) end terminal, IPC_7351 nominal with elongated pad for handsoldering. (Body size source: http://www.tortai-tech.com/upload/download/2011102023233369053.pdf), generated with kicad-footprint-generator")
    (tags "capacitor handsolder")
    (path /5C054D39)
    (attr smd)
    (fp_text reference C11 (at 3.175 0 90) (layer F.SilkS)
      (effects (font (size 1 1) (thickness 0.15)))
    )
    (fp_text value 1uF (at 0 1.43 90) (layer F.Fab)
      (effects (font (size 1 1) (thickness 0.15)))
    )
    (fp_line (start -0.8 0.4) (end -0.8 -0.4) (layer F.Fab) (width 0.1))
    (fp_line (start -0.8 -0.4) (end 0.8 -0.4) (layer F.Fab) (width 0.1))
    (fp_line (start 0.8 -0.4) (end 0.8 0.4) (layer F.Fab) (width 0.1))
    (fp_line (start 0.8 0.4) (end -0.8 0.4) (layer F.Fab) (width 0.1))
    (fp_line (start -0.171267 -0.51) (end 0.171267 -0.51) (layer F.SilkS) (width 0.12))
    (fp_line (start -0.171267 0.51) (end 0.171267 0.51) (layer F.SilkS) (width 0.12))
    (fp_line (start -1.65 0.73) (end -1.65 -0.73) (layer F.CrtYd) (width 0.05))
    (fp_line (start -1.65 -0.73) (end 1.65 -0.73) (layer F.CrtYd) (width 0.05))
    (fp_line (start 1.65 -0.73) (end 1.65 0.73) (layer F.CrtYd) (width 0.05))
    (fp_line (start 1.65 0.73) (end -1.65 0.73) (layer F.CrtYd) (width 0.05))
    (fp_text user %R (at 0 0 90) (layer F.Fab)
      (effects (font (size 0.4 0.4) (thickness 0.06)))
    )
    (pad 1 smd roundrect (at -0.875 0 90) (size 1.05 0.95) (layers F.Cu F.Paste F.Mask) (roundrect_rratio 0.25)
      (net 8 GND))
    (pad 2 smd roundrect (at 0.875 0 90) (size 1.05 0.95) (layers F.Cu F.Paste F.Mask) (roundrect_rratio 0.25)
      (net 53 +6V))
    (model ${KISYS3DMOD}/Capacitor_SMD.3dshapes/C_0603_1608Metric.wrl
      (at (xyz 0 0 0))
      (scale (xyz 1 1 1))
      (rotate (xyz 0 0 0))
    )
  )

  (module Capacitor_SMD:C_0603_1608Metric_Pad1.05x0.95mm_HandSolder (layer F.Cu) (tedit 5BEBA1FF) (tstamp 5C30ECE6)
    (at 174.120933 110.198657)
    (descr "Capacitor SMD 0603 (1608 Metric), square (rectangular) end terminal, IPC_7351 nominal with elongated pad for handsoldering. (Body size source: http://www.tortai-tech.com/upload/download/2011102023233369053.pdf), generated with kicad-footprint-generator")
    (tags "capacitor handsolder")
    (path /5C0FF161)
    (attr smd)
    (fp_text reference C9 (at 2.935 0) (layer F.SilkS)
